-0.41300813008130066
-1.7094594594594614
-4.796791443850272
14.311475409836058
-0.38680659670164924
2.694610778443116
2.426136363636363
-5.091428571428566
2.4111111111111123
2.332439678284182
-0.6337349397590359
2.2125000000000026
0.13598673300165837
1.494156928213689
2.5
1.4132379248658316
1.4787541205658996e-17
-0.5328467153284672
1.7743362831858418
-8.950495049504962
0.2420749279538905
1.8602150537634417
-0.4960159362549798
1.3354037267080736
1.7619047619047616
1.8042105263157886
1.2526636225266357
1.365231259968103
-8.91176470588234
1.638629283489097
-2.7489361702127657
2.773993808049535
0.32642487046632096
2.426791277258567
2.6636363636363627
2.6597633136094663
-3.939560439560438
-0.3868613138686132
1.3582995951417012
1.4781021897810218
1.443768996960486
2.465714285714286
1.7614879649890591
9.285714285714327
2.3961748633879782
2.0023310023310024
1.7163323782234954
1.364120781527531
0.8070987654320989
1.3147286821705426
1.1685082872928183
1.3296703296703298
1.3053797468354433
1.699999999999999
1.3964843750000004
1.4274061990212077
-0.19718309859154956
0.9018181818181815
2.4463276836158205
-0.8323353293413175
1.3149253731343291
0.40340030911901054
1.427609427609427
0.8339350180505412
1.3721973094170405
-1.8611111111111105
1.135099337748344
2.7692307692307696

0.2405660377358488
0.4642857142857142
0.30601092896174936
2.5114285714285733
2.4655172413793105
0.18699186991869904
1.4521008403361344
12.349999999999941
1.7632653061224501
1.1268556005398107
0.4758620689655173
-0.5547785547785553
1.4013157894736843
1.2331606217616577
1.0789133247089258
1.8283062645011599
2.755319148936169
0.00938967136150242
2.5833333333333344
-0.2155388471177945
1.984654731457801
